From: (17, 25)
-> (17, 26)
-> (17, 24)


From: (17, 24)
-> (17, 23)


From: (17, 23)
-> (17, 22)


From: (17, 22)
-> (17, 21)
-> (16, 22)


From: (17, 21)
-> (17, 20)


From: (17, 20)
-> (17, 19)


From: (17, 19)
-> (17, 18)


From: (16, 22)
-> (15, 22)


From: (17, 18)
-> (17, 17)


From: (15, 22)
-> (14, 22)


From: (17, 17)
-> (17, 16)


From: (14, 22)
-> (13, 22)


From: (17, 16)
-> (17, 15)


From: (13, 22)
-> (12, 22)


From: (12, 22)
-> (12, 21)
-> (11, 22)


From: (11, 22)
-> (10, 22)


From: (10, 22)
-> (9, 22)


From: (9, 22)
-> (8, 22)


From: (8, 22)
-> (7, 22)


From: (7, 22)
-> (6, 22)


From: (12, 21)
-> (12, 20)


From: (12, 20)
-> (11, 20)
-> (13, 20)


From: (11, 20)
-> (10, 20)


From: (10, 20)
-> (9, 20)


From: (9, 20)
-> (9, 19)
-> (8, 20)


From: (8, 20)
-> (7, 20)


From: (7, 20)
-> (6, 20)


From: (9, 19)
-> (9, 18)


From: (9, 18)
-> (9, 17)
-> (8, 18)
-> (10, 18)


From: (8, 18)
-> (8, 17)
-> (7, 18)


From: (7, 18)
-> (6, 18)


From: (8, 17)
-> (8, 16)


From: (9, 17)
-> (9, 16)
-> (10, 17)


From: (8, 16)
-> (8, 15)
-> (7, 16)


Path: [(17, 24), (17, 23), (17, 22), (16, 22), (15, 22), (14, 22), (13, 22), (12, 22), (12, 21), (12, 20), (11, 20), (10, 20), (9, 20), (9, 19), (9, 18), (8, 18), (8, 17), (8, 16), (7, 16), (7, 16)]
