From: (17, 25)
-> (17, 26)
-> (17, 24)


From: (17, 24)
-> (17, 23)


From: (17, 23)
-> (17, 22)


From: (17, 22)
-> (17, 21)
-> (16, 22)


From: (17, 21)
-> (17, 20)


From: (17, 20)
-> (17, 19)


From: (17, 19)
-> (17, 18)


From: (17, 18)
-> (17, 17)


From: (17, 17)
-> (17, 16)


From: (17, 16)
-> (17, 15)


From: (17, 15)
-> (17, 14)


From: (17, 14)
-> (17, 13)


From: (17, 13)
-> (17, 12)


From: (17, 12)
-> (17, 11)


From: (17, 11)
-> (17, 10)


From: (17, 10)
-> (17, 9)
-> (16, 10)


From: (16, 10)
-> (15, 10)


From: (15, 10)
-> (14, 10)


From: (14, 10)
-> (13, 10)


From: (13, 10)
-> (12, 10)


From: (12, 10)
-> (12, 11)
-> (11, 10)


From: (11, 10)
-> (10, 10)


From: (10, 10)
-> (9, 10)


From: (9, 10)
-> (8, 10)


From: (8, 10)
-> (7, 10)


From: (7, 10)
-> (6, 10)


From: (6, 10)
-> (6, 11)
-> (5, 10)


From: (6, 11)
-> (6, 12)


From: (6, 12)
-> (5, 12)
-> (7, 12)


From: (7, 12)
-> (8, 12)


From: (8, 12)
-> (9, 12)


From: (9, 12)
-> (9, 13)
-> (10, 12)


From: (9, 13)
-> (9, 14)


From: (9, 14)
-> (9, 15)
-> (8, 14)
-> (10, 14)


From: (8, 14)
-> (8, 15)
-> (7, 14)


From: (7, 14)
-> (6, 14)


From: (6, 14)
-> (5, 14)


From: (5, 14)
-> (5, 15)


From: (5, 15)
-> (5, 16)


From: (5, 16)
-> (5, 17)
-> (4, 16)
-> (6, 16)


From: (6, 16)
-> (7, 16)


From: (7, 16)
Path: [(17, 24), (17, 23), (17, 22), (17, 21), (17, 20), (17, 19), (17, 18), (17, 17), (17, 16), (17, 15), (17, 14), (17, 13), (17, 12), (17, 11), (17, 10), (16, 10), (15, 10), (14, 10), (13, 10), (12, 10), (11, 10), (10, 10), (9, 10), (8, 10), (7, 10), (6, 10), (6, 11), (6, 12), (7, 12), (8, 12), (9, 12), (9, 13), (9, 14), (8, 14), (7, 14), (6, 14), (5, 14), (5, 15), (5, 16), (6, 16), (7, 16)]